x_train,y_train
-20.0,90.76136
-19.798994,92.56282
-19.59799,94.71338
-19.396984,95.36774
-19.19598,94.54707
-18.994974,93.56102
-18.79397,95.83597
-18.592964,92.24373
-18.39196,88.38273
-18.190954,84.16468
-17.98995,79.54278
-17.788944,75.21855
-17.58794,73.11752
-17.386934,70.689644
-17.18593,69.47447
-16.984924,67.75453
-16.78392,67.540504
-16.582914,68.92214
-16.38191,71.252205
-16.180904,70.28511
-15.9799,72.92861
-15.778895,75.52829
-15.57789,72.001656
-15.376885,69.628716
-15.1758795,65.202354
-14.9748745,61.096268
-14.7738695,54.772095
-14.572865,52.213886
-14.37186,49.67629
-14.170855,50.0352
-13.96985,48.650837
-13.768845,47.95157
-13.567839,47.947712
-13.366834,48.87986
-13.165829,51.21678
-12.964824,51.670135
-12.763819,51.764565
-12.562814,49.82246
-12.361809,49.746067
-12.160804,45.246555
-11.959799,42.117054
-11.758794,39.189407
-11.557789,33.887066
-11.356784,30.49365
-11.155779,28.973705
-10.954774,25.723692
-10.753769,24.425787
-10.552764,24.56488
-10.351759,27.561604
-10.150754,28.606579
-9.949749,29.90729
-9.748744,31.373932
-9.547739,29.790573
-9.346734,28.668064
-9.145729,27.002369
-8.944724,23.23147
-8.743718,18.640768
-8.542713,16.868645
-8.341708,10.554544
-8.140703,9.685264
-7.939698,8.302705
-7.738693,5.050376
-7.5376883,6.5623817
-7.336683,6.314471
-7.1356783,9.536165
-6.9346733,10.042595
-6.7336683,13.168182
-6.5326633,13.1388035
-6.3316584,12.459311
-6.1306534,13.065807
-5.9296484,9.692325
-5.728643,7.6640453
-5.5276384,2.8554304
-5.3266335,-1.648298
-5.1256285,-2.3989346
-4.9246235,-3.7836459
-4.7236185,-5.597413
-4.5226135,-5.932674
-4.3216085,-5.527612
-4.120603,-4.175768
-3.9195976,0.47732824
-3.7185926,1.986928
-3.5175877,3.2176743
-3.3165827,6.6382494
-3.1155775,5.5950317
-2.9145725,4.142512
-2.7135675,0.38223708
-2.5125623,-1.3763552
-2.3115578,-1.4872845
-2.1105528,-4.618466
-1.9095477,-9.756365
-1.7085427,-8.25986
-1.5075376,-7.5503006
-1.3065326,-8.6485615
-1.1055276,-6.0789433
-0.90452254,-2.1281037
-0.7035179,-0.056880116
-0.5025129,2.0603096
-0.30150786,4.7166953
-0.10050285,7.4468145
0.10050219,7.8564863
0.30150723,5.876801
0.5025122,4.4624333
0.7035173,4.467001
0.90452194,0.58328414
1.1055269,-2.195205
1.306532,-2.6062949
1.507537,-4.572858
1.7085421,-2.0255127
1.9095471,-1.5839859
2.110552,0.6961303
2.3115573,2.3154085
2.5125618,7.8306155
2.7135668,9.801135
2.9145718,13.331508
3.1155767,14.986013
3.316582,15.544994
3.517587,12.596683
3.718592,11.09006
3.9195971,8.526622
4.1206026,5.1611247
4.3216076,4.646396
4.5226126,2.4465537
4.7236176,4.5480294
4.9246225,6.435963
5.1256275,6.1989284
5.3266325,8.859887
5.527638,11.492735
5.7286434,15.272237
5.9296484,19.002098
6.1306534,21.7718
6.3316584,20.54287
6.5326633,21.744688
6.7336683,20.27721
6.9346733,18.816902
7.135679,15.058552
7.3366833,12.614563
7.5376883,10.38395
7.738693,10.57854
7.939698,11.775559
8.140703,13.8898945
8.341708,15.501886
8.542713,18.139446
8.743718,20.72912
8.944723,24.918331
9.145728,25.453897
9.346733,28.064947
9.547738,28.607971
9.748743,27.386225
9.949748,24.442532
10.150753,25.109768
10.351758,22.736254
10.552764,21.020824
10.753769,18.255762
10.954774,20.482605
11.155779,20.567295
11.356784,24.17492
11.557789,27.875267
11.758794,29.592264
11.959799,34.535416
12.160804,38.855453
12.361809,40.670914
12.562814,43.0085
12.763819,40.48362
12.964824,41.95824
13.165829,41.909885
13.366834,38.409184
13.567839,39.07388
13.768845,36.56863
13.96985,35.712997
14.170855,39.14152
14.37186,40.23166
14.572865,44.283585
14.7738695,47.877583
14.9748745,51.822727
15.1758795,57.84189
15.376884,59.03956
15.577889,64.376144
15.778894,65.01104
15.979899,66.76948
16.180904,67.16756
16.38191,66.60827
16.582914,64.838356
16.78392,65.740105
16.984924,64.093376
17.18593,65.98821
17.386934,68.65481
17.58794,70.57657
17.788944,73.084724
17.98995,79.82765
18.190954,84.96875
18.39196,89.61631
18.592964,94.17027
18.79397,96.78901
18.994974,99.42861
19.19598,98.88208
19.396984,98.316795
19.59799,99.04365
19.798994,97.0787
20.0,98.57636
